1762595144006 0.7146456837654114 0
1762595145240 0.7451925277709961 1
1762595146417 0.748375415802002 2
1762595147897 0.749657392501831 3
1762595149178 0.7509835958480835 4
1762595150436 0.7534370422363281 5
1762595151726 0.7533486485481262 6
1762595152942 0.7544538378715515 7
1762595154305 0.7539012432098389 8
1762595155552 0.7553821802139282 9
1762595156821 0.7548295855522156 10
1762595158184 0.7552274465560913 11
1762595159509 0.7552053332328796 12
1762595160771 0.7565315365791321 13
1762595162060 0.7580124735832214 14
1762595163450 0.7563546895980835 15
1762595164837 0.7583439946174622 16
1762595166238 0.7571946382522583 17
1762595144006 0.7146456837654114 0
