1762595144006 0.7052111029624939 0
1762595145241 0.7256601452827454 1
1762595146418 0.7270743250846863 2
1762595147898 0.7268345355987549 3
1762595149179 0.7276554703712463 4
1762595150437 0.7301855087280273 5
1762595151727 0.7301052212715149 6
1762595152943 0.7315552234649658 7
1762595154305 0.7316581010818481 8
1762595155553 0.731859028339386 9
1762595156830 0.7320371866226196 10
1762595158185 0.7331502437591553 11
1762595159510 0.7322391271591187 12
1762595160771 0.7340297102928162 13
1762595162061 0.7352763414382935 14
1762595163450 0.7337929606437683 15
1762595164838 0.735341489315033 16
1762595166239 0.7342755794525146 17
1762595144006 0.7052111029624939 0
