1762595144005 0.5567398071289062 0
1762595145239 0.5231265425682068 1
1762595146416 0.5158205628395081 2
1762595147896 0.5122854709625244 3
1762595149177 0.5108164548873901 4
1762595150435 0.5082560181617737 5
1762595151725 0.5060073733329773 6
1762595152941 0.5051413178443909 7
1762595154304 0.5050013065338135 8
1762595155551 0.5028213858604431 9
1762595156820 0.5022934675216675 10
1762595158183 0.5014588832855225 11
1762595159508 0.5012797713279724 12
1762595160770 0.5011120438575745 13
1762595162059 0.49861112236976624 14
1762595163448 0.49917012453079224 15
1762595164836 0.49896514415740967 16
1762595166236 0.4990309178829193 17
1762595144005 0.5567398071289062 0
