1762595144007 0.7376331686973572 0
1762595145242 0.7884708642959595 1
1762595146419 0.7952787280082703 2
1762595147899 0.7999646067619324 3
1762595149180 0.8022191524505615 4
1762595150438 0.8039432168006897 5
1762595151727 0.8038548231124878 6
1762595152944 0.8038990497589111 7
1762595154306 0.8019097447395325 8
1762595155554 0.8061093688011169 9
1762595156831 0.8039432168006897 10
1762595158186 0.8025728464126587 11
1762595159511 0.8046505451202393 12
1762595160772 0.8046063184738159 13
1762595162062 0.8063303828239441 14
1762595163451 0.8046063184738159 15
1762595164839 0.8072145581245422 16
1762595166241 0.8061093688011169 17
1762595144007 0.7376331686973572 0
