1762625155120 0.701038658618927 0
1762625156331 0.7195552587509155 1
1762625157534 0.7249389290809631 2
1762625158770 0.7272983193397522 3
1762625159970 0.7286871671676636 4
1762625161172 0.726902961730957 5
1762625162372 0.7294371724128723 6
1762625163599 0.7289459109306335 7
1762625164774 0.7329685091972351 8
1762625165983 0.7323665618896484 9
1762625167177 0.7316466569900513 10
1762625168411 0.732294499874115 11
1762625169594 0.7332212924957275 12
1762625170804 0.7332556247711182 13
1762625171991 0.7326990962028503 14
1762625173193 0.7328054904937744 15
1762625174435 0.7325006127357483 16
1762625175877 0.7348609566688538 17
1762625177158 0.735166609287262 18
1762625178513 0.7342096567153931 19
1762625179929 0.7353414297103882 20
1762625155120 0.701038658618927 0
