1762625155118 0.561021089553833 0
1762625156329 0.5267553925514221 1
1762625157531 0.5169669389724731 2
1762625158768 0.514071524143219 3
1762625159968 0.5109102129936218 4
1762625161170 0.5078395009040833 5
1762625162370 0.5073986053466797 6
1762625163597 0.5055754780769348 7
1762625164772 0.5046212077140808 8
1762625165981 0.5035396218299866 9
1762625167175 0.5033918023109436 10
1762625168408 0.5013939738273621 11
1762625169592 0.5010765194892883 12
1762625170802 0.49933263659477234 13
1762625171988 0.49905771017074585 14
1762625173191 0.4977722764015198 15
1762625174433 0.49780726432800293 16
1762625175874 0.49708908796310425 17
1762625177156 0.4961874186992645 18
1762625178503 0.4964931309223175 19
1762625179926 0.49629414081573486 20
1762625155118 0.561021089553833 0
