1762625155119 0.7139163017272949 0
1762625156330 0.74181067943573 1
1762625157533 0.7482869625091553 2
1762625158769 0.7498563528060913 3
1762625159969 0.7521108984947205 4
1762625161171 0.7515583038330078 5
1762625162371 0.7539012432098389 6
1762625163598 0.7540559768676758 7
1762625164773 0.7559347748756409 8
1762625165982 0.7550064325332642 9
1762625167176 0.7554042935371399 10
1762625168410 0.7563546895980835 11
1762625169593 0.7576146125793457 12
1762625170803 0.7564873099327087 13
1762625171990 0.7562662959098816 14
1762625173192 0.7573714852333069 15
1762625174434 0.7575482726097107 16
1762625175876 0.758719801902771 17
1762625177157 0.7589629292488098 18
1762625178504 0.7583439946174622 19
1762625179928 0.7586976885795593 20
1762625155119 0.7139163017272949 0
