1762625155121 0.7459440231323242 0
1762625156332 0.7924937009811401 1
1762625157534 0.8001856803894043 2
1762625158771 0.7994783520698547 3
1762625159971 0.8033243417739868 4
1762625161173 0.8058883547782898 5
1762625162373 0.8072145581245422 6
1762625163600 0.8088943958282471 7
1762625164775 0.8052252531051636 8
1762625165984 0.8037222027778625 9
1762625167178 0.8066840767860413 10
1762625168411 0.808142900466919 11
1762625169595 0.8099111318588257 12
1762625170805 0.8062862157821655 13
1762625171992 0.8069050908088684 14
1762625173194 0.8101322054862976 15
1762625174436 0.8114141821861267 16
1762625175877 0.80951327085495 17
1762625177159 0.8095574975013733 18
1762625178514 0.8098669648170471 19
1762625179930 0.8083196878433228 20
1762625155121 0.7459440231323242 0
