1762595403189 0.5596704483032227 0
1762595404435 0.5247805118560791 1
1762595405667 0.518068790435791 2
1762595406918 0.5128151774406433 3
1762595408182 0.511968731880188 4
1762595409452 0.5082584619522095 5
1762595410721 0.5066298246383667 6
1762595412017 0.5056142807006836 7
1762595413326 0.5049805641174316 8
1762595414606 0.5040655136108398 9
1762595415855 0.5038504004478455 10
1762595417189 0.5018211603164673 11
1762595418431 0.50160813331604 12
1762595419693 0.5007394552230835 13
1762595420955 0.5006523132324219 14
1762595422269 0.4989605247974396 15
1762595423525 0.49925941228866577 16
1762595424825 0.4985615611076355 17
1762595426071 0.4976809322834015 18
1762595427362 0.4975566864013672 19
1762595428624 0.49705809354782104 20
1762595429904 0.49618998169898987 21
1762595431158 0.49713632464408875 22
1762595432477 0.4943418800830841 23
1762595433722 0.49575620889663696 24
1762595434992 0.4948072135448456 25
1762595436257 0.4940100908279419 26
1762595437534 0.49427640438079834 27
1762595403189 0.5596704483032227 0
