1762595403191 0.7070039510726929 0
1762595404437 0.7202330827713013 1
1762595405669 0.725048303604126 2
1762595406919 0.7259570956230164 3
1762595408184 0.7262343764305115 4
1762595409455 0.729185938835144 5
1762595410723 0.7301485538482666 6
1762595412019 0.7299984097480774 7
1762595413328 0.7310239672660828 8
1762595414608 0.7312246561050415 9
1762595415857 0.7347277998924255 10
1762595417191 0.7340245246887207 11
1762595418442 0.731277346611023 12
1762595419695 0.734097957611084 13
1762595420957 0.7350776195526123 14
1762595422272 0.735185980796814 15
1762595423536 0.7354646325111389 16
1762595424827 0.7342426180839539 17
1762595426073 0.7365545630455017 18
1762595427364 0.7352396845817566 19
1762595428625 0.735048234462738 20
1762595429906 0.7366319894790649 21
1762595431160 0.7358589172363281 22
1762595432479 0.7356390953063965 23
1762595433724 0.7359061241149902 24
1762595434994 0.7358368635177612 25
1762595436260 0.736248254776001 26
1762595437536 0.7364818453788757 27
1762595403191 0.7070039510726929 0
