1762595403192 0.7327262163162231 0
1762595404438 0.7923168540000916 1
1762595405670 0.7964280843734741 2
1762595406920 0.8005393147468567 3
1762595408185 0.8010697960853577 4
1762595409456 0.8010697960853577 5
1762595410724 0.8040316700935364 6
1762595412020 0.8050926327705383 7
1762595413329 0.8050926327705383 8
1762595414609 0.8053136467933655 9
1762595415858 0.8012466430664062 10
1762595417192 0.8043410778045654 11
1762595418443 0.805048406124115 12
1762595419696 0.803545355796814 13
1762595420958 0.803545355796814 14
1762595422273 0.8046063184738159 15
1762595423537 0.8074797987937927 16
1762595424828 0.8043853044509888 17
1762595426074 0.8046063184738159 18
1762595427364 0.808142900466919 19
1762595428626 0.808452308177948 20
1762595429907 0.8075239658355713 21
1762595431161 0.8097343444824219 22
1762595432480 0.812386691570282 23
1762595433725 0.8067282438278198 24
1762595434996 0.8073029518127441 25
1762595436260 0.8076565861701965 26
1762595437537 0.8086291551589966 27
1762595403192 0.7327262163162231 0
