1762595403190 0.7145351767539978 0
1762595404436 0.7422748804092407 1
1762595405668 0.7472039461135864 2
1762595406919 0.7491711378097534 3
1762595408183 0.7495468854904175 4
1762595409454 0.751779317855835 5
1762595410722 0.7534370422363281 6
1762595412018 0.7536581158638 7
1762595413327 0.7544317245483398 8
1762595414607 0.754652738571167 9
1762595415856 0.7559789419174194 10
1762595417190 0.7564431428909302 11
1762595418433 0.7546085715293884 12
1762595419694 0.7562441825866699 13
1762595420956 0.7569736242294312 14
1762595422271 0.7573935985565186 15
1762595423527 0.7585208415985107 16
1762595424826 0.756619930267334 17
1762595426072 0.7584103345870972 18
1762595427363 0.7585650682449341 19
1762595428625 0.7585208415985107 20
1762595429905 0.7594049572944641 21
1762595431159 0.7595375776290894 22
1762595432478 0.7602227926254272 23
1762595433723 0.7586092352867126 24
1762595434993 0.7587418556213379 25
1762595436259 0.7591618299484253 26
1762595437535 0.7596481442451477 27
1762595403190 0.7145351767539978 0
