1762599916397 0.7163918614387512 0
1762599917623 0.7439768314361572 1
1762599918845 0.7491490244865417 2
1762599920092 0.7497900128364563 3
1762599921308 0.7507625818252563 4
1762599922582 0.7531055212020874 5
1762599923785 0.7524424195289612 6
1762599925062 0.7545201182365417 7
1762599926292 0.7541664838790894 8
1762599927495 0.7550727128982544 9
1762599928698 0.7555148005485535 10
1762599929974 0.7561336755752563 11
1762599931225 0.7560452818870544 12
1762599932446 0.756619930267334 13
1762599933663 0.7570399045944214 14
1762599934928 0.7582777142524719 15
1762599916397 0.7163918614387512 0
