1762599916398 0.7481101751327515 0
1762599917625 0.7947482466697693 1
1762599918847 0.8012908101081848 2
1762599920094 0.79961097240448 3
1762599921310 0.8018212914466858 4
1762599922583 0.8009814023971558 5
1762599923787 0.8016002774238586 6
1762599925064 0.8043410778045654 7
1762599926294 0.8018655180931091 8
1762599927497 0.8050041794776917 9
1762599928700 0.805578887462616 10
1762599929976 0.8061977624893188 11
1762599931228 0.8088060021400452 12
1762599932448 0.8078776597976685 13
1762599933665 0.8086291551589966 14
1762599934930 0.8061093688011169 15
1762599916398 0.7481101751327515 0
