1762599916395 0.555991530418396 0
1762599917622 0.5250587463378906 1
1762599918844 0.5153356790542603 2
1762599920091 0.5135340690612793 3
1762599921307 0.5104299187660217 4
1762599922580 0.5086970329284668 5
1762599923784 0.5065352916717529 6
1762599925060 0.50514155626297 7
1762599926291 0.5041397213935852 8
1762599927494 0.503340482711792 9
1762599928697 0.5017744898796082 10
1762599929973 0.5011106133460999 11
1762599931224 0.5019946694374084 12
1762599932445 0.5002490878105164 13
1762599933662 0.49914854764938354 14
1762599934927 0.4986153542995453 15
1762599916395 0.555991530418396 0
