1762599916398 0.703483521938324 0
1762599917624 0.7214864492416382 1
1762599918846 0.7256205081939697 2
1762599920093 0.7271558046340942 3
1762599921309 0.7275279760360718 4
1762599922582 0.7309880256652832 5
1762599923786 0.7298450469970703 6
1762599925063 0.7314572930335999 7
1762599926293 0.7320311665534973 8
1762599927496 0.7319132089614868 9
1762599928699 0.7322590947151184 10
1762599929975 0.7328216433525085 11
1762599931227 0.7316058874130249 12
1762599932447 0.732758641242981 13
1762599933664 0.7329993844032288 14
1762599934929 0.7357272505760193 15
1762599916398 0.703483521938324 0
