1762600851223 0.7563326358795166 0
1762600852412 0.7907254099845886 1
1762600853711 0.7953229546546936 2
1762600855033 0.8033243417739868 3
1762600856242 0.8029264807701111 4
1762600857429 0.8054904937744141 5
1762600858618 0.807081937789917 6
1762600859834 0.8053578734397888 7
1762600861124 0.8107068538665771 8
1762600862425 0.808142900466919 9
1762600863616 0.8115025758743286 10
1762600864981 0.8103532195091248 11
1762600866386 0.806551456451416 12
1762600867644 0.8102205991744995 13
1762600869014 0.8133150339126587 14
1762600870295 0.8103532195091248 15
1762600871561 0.8126961588859558 16
1762600872765 0.8105742335319519 17
1762600873978 0.8142433762550354 18
1762600875338 0.8105300664901733 19
1762600876608 0.8141992092132568 20
1762600851223 0.7563326358795166 0
