1762600851220 0.5588260889053345 0
1762600852409 0.5263457298278809 1
1762600853707 0.5179300308227539 2
1762600855029 0.5147256851196289 3
1762600856239 0.5108906626701355 4
1762600857426 0.5098509788513184 5
1762600858615 0.5082048773765564 6
1762600859831 0.5055885910987854 7
1762600861121 0.5042136311531067 8
1762600862422 0.5047425627708435 9
1762600863613 0.5031399726867676 10
1762600864978 0.5017982721328735 11
1762600866383 0.5021679997444153 12
1762600867640 0.5011334419250488 13
1762600869003 0.4999079704284668 14
1762600870292 0.4993143677711487 15
1762600871558 0.49844589829444885 16
1762600872762 0.4974723160266876 17
1762600873975 0.49579060077667236 18
1762600875335 0.4960996210575104 19
1762600876605 0.4958827793598175 20
1762600851220 0.5588260889053345 0
