1762600851221 0.7165023684501648 0
1762600852410 0.7406613230705261 1
1762600853708 0.7469387054443359 2
1762600855031 0.7480659484863281 3
1762600856240 0.750254213809967 4
1762600857427 0.7520666718482971 5
1762600858616 0.7520666718482971 6
1762600859832 0.755558967590332 7
1762600861122 0.7568410038948059 8
1762600862424 0.7549400925636292 9
1762600863614 0.7558684349060059 10
1762600864979 0.7561336755752563 11
1762600866384 0.7554926872253418 12
1762600867642 0.7568410038948059 13
1762600869004 0.7573714852333069 14
1762600870293 0.7567746639251709 15
1762600871559 0.7573714852333069 16
1762600872764 0.758719801902771 17
1762600873976 0.7581450939178467 18
1762600875336 0.7583219408988953 19
1762600876606 0.7600238919258118 20
1762600851221 0.7165023684501648 0
