1762600851222 0.7005282044410706 0
1762600852411 0.7187575101852417 1
1762600853709 0.7251511216163635 2
1762600855032 0.7233788371086121 3
1762600856241 0.7264037728309631 4
1762600857428 0.727733850479126 5
1762600858617 0.7270808219909668 6
1762600859833 0.7324113249778748 7
1762600861123 0.7318620681762695 8
1762600862424 0.7304219007492065 9
1762600863615 0.7302490472793579 10
1762600864981 0.7310760021209717 11
1762600866385 0.7318198084831238 12
1762600867643 0.7320657968521118 13
1762600869013 0.7314726710319519 14
1762600870294 0.7319225668907166 15
1762600871560 0.7317306399345398 16
1762600872765 0.7344093918800354 17
1762600873977 0.7321038246154785 18
1762600875337 0.7338990569114685 19
1762600876607 0.7346043586730957 20
1762600851222 0.7005282044410706 0
