1762599094043 0.7526192665100098 0
1762599095258 0.7954113483428955 1
1762599096465 0.801644504070282 2
1762599097738 0.8036338090896606 3
1762599098944 0.8046505451202393 4
1762599100148 0.8051810264587402 5
1762599101319 0.8087175488471985 6
1762599102648 0.8055346608161926 7
1762599103840 0.8057999014854431 8
1762599105056 0.8046505451202393 9
1762599106250 0.8087617754936218 10
1762599107532 0.8102648258209229 11
1762599108730 0.8092922568321228 12
1762599109926 0.8049600124359131 13
1762599111134 0.8078776597976685 14
1762599112410 0.8103089928627014 15
1762599113641 0.81048583984375 16
1762599114841 0.809424877166748 17
1762599116038 0.8053578734397888 18
1762599117283 0.8094691038131714 19
1762599118528 0.8126077651977539 20
1762599119745 0.8111489415168762 21
1762599120957 0.8116794228553772 22
1762599122165 0.8092480301856995 23
1762599123388 0.8103089928627014 24
1762599124590 0.8098669648170471 25
1762599125802 0.8134918808937073 26
1762599094043 0.7526192665100098 0
