1762599094039 0.5532581806182861 0
1762599095255 0.5232545137405396 1
1762599096462 0.5165948867797852 2
1762599097736 0.5127919316291809 3
1762599098941 0.510489284992218 4
1762599100145 0.507542610168457 5
1762599101316 0.5066050887107849 6
1762599102645 0.5054600238800049 7
1762599103837 0.5043233633041382 8
1762599105053 0.5030301213264465 9
1762599106247 0.5027695298194885 10
1762599107528 0.5013476014137268 11
1762599108727 0.5008708238601685 12
1762599109923 0.5013191103935242 13
1762599111123 0.4993981122970581 14
1762599112407 0.49856486916542053 15
1762599113638 0.49746689200401306 16
1762599114838 0.49619412422180176 17
1762599116035 0.4975332021713257 18
1762599117279 0.49571314454078674 19
1762599118525 0.4961489140987396 20
1762599119742 0.4968995153903961 21
1762599120954 0.49533501267433167 22
1762599122162 0.4941032826900482 23
1762599123384 0.4932151436805725 24
1762599124586 0.49338337779045105 25
1762599125799 0.49237528443336487 26
1762599094039 0.5532581806182861 0
