1762599094042 0.7080473899841309 0
1762599095257 0.7211045026779175 1
1762599096464 0.725214958190918 2
1762599097738 0.7264335751533508 3
1762599098943 0.7275852560997009 4
1762599100147 0.7296983003616333 5
1762599101318 0.7310581803321838 6
1762599102647 0.7322483658790588 7
1762599103840 0.734052836894989 8
1762599105055 0.7316504716873169 9
1762599106250 0.7312734723091125 10
1762599107531 0.732134997844696 11
1762599108729 0.7347487807273865 12
1762599109925 0.7351231575012207 13
1762599111133 0.7340831756591797 14
1762599112409 0.7334346771240234 15
1762599113640 0.7355666756629944 16
1762599114840 0.735932469367981 17
1762599116037 0.7352489829063416 18
1762599117282 0.7340843677520752 19
1762599118527 0.7346041798591614 20
1762599119744 0.7351951003074646 21
1762599120956 0.7365317344665527 22
1762599122164 0.7371642589569092 23
1762599123387 0.735967218875885 24
1762599124589 0.7362456321716309 25
1762599125801 0.7368758320808411 26
1762599094042 0.7080473899841309 0
