1762599094041 0.7211440801620483 0
1762599095256 0.7438884377479553 1
1762599096463 0.7489500641822815 2
1762599097737 0.7504973411560059 3
1762599098942 0.7516909241676331 4
1762599100146 0.7534591555595398 5
1762599101317 0.7556031942367554 6
1762599102646 0.7554926872253418 7
1762599103839 0.7569293975830078 8
1762599105054 0.7547632455825806 9
1762599106248 0.755780041217804 10
1762599107529 0.7569072842597961 11
1762599108728 0.7585650682449341 12
1762599109924 0.7574598789215088 13
1762599111124 0.7576146125793457 14
1762599112408 0.7579019665718079 15
1762599113639 0.759559690952301 16
1762599114839 0.7594934105873108 17
1762599116036 0.7576808929443359 18
1762599117281 0.758122980594635 19
1762599118526 0.7595155239105225 20
1762599119743 0.7594934105873108 21
1762599120955 0.7606648802757263 22
1762599122163 0.7603554129600525 23
1762599123386 0.7598028182983398 24
1762599124588 0.7598691582679749 25
1762599125800 0.7615047693252563 26
1762599094041 0.7211440801620483 0
