1762603586082 0.5602577328681946 0
1762603587270 0.5232012867927551 1
1762603588431 0.5150936841964722 2
1762603589785 0.513094961643219 3
1762603591092 0.5104889273643494 4
1762603592330 0.5090022087097168 5
1762603593634 0.5069524645805359 6
1762603594943 0.505755603313446 7
1762603596246 0.5047067403793335 8
1762603597493 0.5031635165214539 9
1762603598763 0.5022495985031128 10
1762603600348 0.5025357007980347 11
1762603601802 0.5002900958061218 12
1762603603184 0.5011910796165466 13
1762603604549 0.49942275881767273 14
1762603605844 0.49978238344192505 15
1762603607143 0.4985029697418213 16
1762603608586 0.49806156754493713 17
1762603609878 0.49693819880485535 18
1762603586082 0.5602577328681946 0
