1762603586084 0.7128332257270813 0
1762603587271 0.7431589961051941 1
1762603588433 0.7481985688209534 2
1762603589786 0.7494363784790039 3
1762603591094 0.7518677115440369 4
1762603592331 0.7516024708747864 5
1762603593635 0.754652738571167 6
1762603594945 0.7540117502212524 7
1762603596247 0.7537907361984253 8
1762603597494 0.7539233565330505 9
1762603598764 0.7585650682449341 10
1762603600349 0.7548738121986389 11
1762603601803 0.7569736242294312 12
1762603603185 0.7569072842597961 13
1762603604550 0.7572388648986816 14
1762603605845 0.7577693462371826 15
1762603607145 0.758122980594635 16
1762603608587 0.7571725249290466 17
1762603609880 0.7582556009292603 18
1762603586084 0.7128332257270813 0
