1762603586086 0.7274656295776367 0
1762603587273 0.7878962159156799 1
1762603588435 0.7970911860466003 2
1762603589789 0.7975332736968994 3
1762603591095 0.8058441281318665 4
1762603592333 0.8022633790969849 5
1762603593637 0.8044295310974121 6
1762603594947 0.8065072298049927 7
1762603596249 0.8027054667472839 8
1762603597497 0.8040758371353149 9
1762603598766 0.8084965348243713 10
1762603600351 0.8065956234931946 11
1762603601805 0.8039432168006897 12
1762603603187 0.8048273921012878 13
1762603604552 0.8061535954475403 14
1762603605847 0.8086291551589966 15
1762603607154 0.8033685684204102 16
1762603608589 0.8053578734397888 17
1762603609882 0.8087617754936218 18
1762603586086 0.7274656295776367 0
