1762603586085 0.7067817449569702 0
1762603587272 0.7231892943382263 1
1762603588434 0.7260903120040894 2
1762603589788 0.7275477051734924 3
1762603591094 0.7273271083831787 4
1762603592332 0.7284550070762634 5
1762603593636 0.7315965294837952 6
1762603594946 0.7298767566680908 7
1762603596248 0.7311750054359436 8
1762603597495 0.7307754158973694 9
1762603598765 0.7350884079933167 10
1762603600350 0.7309803366661072 11
1762603601804 0.7349066734313965 12
1762603603186 0.7344386577606201 13
1762603604551 0.7343158721923828 14
1762603605846 0.7339699864387512 15
1762603607154 0.7367033958435059 16
1762603608588 0.7345671653747559 17
1762603609881 0.7345619797706604 18
1762603586085 0.7067817449569702 0
