1762600245261 0.7201052308082581 0
1762600246452 0.7437115907669067 1
1762600247709 0.7480217218399048 2
1762600248895 0.7498784065246582 3
1762600250272 0.7515140771865845 4
1762600251422 0.7541664838790894 5
1762600252594 0.7512709498405457 6
1762600253716 0.7550727128982544 7
1762600254902 0.7546085715293884 8
1762600256036 0.7539233565330505 9
1762600257180 0.7553379535675049 10
1762600258312 0.7576808929443359 11
1762600259500 0.7557579278945923 12
1762600260717 0.7557358145713806 13
1762600261874 0.7564652562141418 14
1762600263077 0.7568188905715942 15
1762600264230 0.7569515109062195 16
1762600265415 0.7582556009292603 17
1762600266572 0.758122980594635 18
1762600267744 0.7578356266021729 19
1762600268883 0.7589629292488098 20
1762600270103 0.760996401309967 21
1762600271262 0.7573272585868835 22
1762600272434 0.7591618299484253 23
1762600273570 0.7609742879867554 24
1762600274737 0.7614606022834778 25
1762600275925 0.760620653629303 26
1762600245261 0.7201052308082581 0
