1762600245263 0.7511162161827087 0
1762600246454 0.7952787280082703 1
1762600247711 0.7989478707313538 2
1762600248897 0.8050926327705383 3
1762600250273 0.8025728464126587 4
1762600251432 0.8082755208015442 5
1762600252596 0.8053136467933655 6
1762600253718 0.8045621514320374 7
1762600254904 0.8062862157821655 8
1762600256037 0.8057999014854431 9
1762600257181 0.801644504070282 10
1762600258314 0.8069493174552917 11
1762600259502 0.807081937789917 12
1762600260718 0.8068166971206665 13
1762600261875 0.8126519322395325 14
1762600263079 0.8074797987937927 15
1762600264232 0.806551456451416 16
1762600265417 0.8119888305664062 17
1762600266574 0.8095574975013733 18
1762600267746 0.8105742335319519 19
1762600268885 0.8117678165435791 20
1762600270104 0.8129613995552063 21
1762600271263 0.8080544471740723 22
1762600272435 0.8108394742012024 23
1762600273572 0.8156138062477112 24
1762600274739 0.8130056262016296 25
1762600275927 0.8122540712356567 26
1762600245263 0.7511162161827087 0
