1762600245260 0.5580204725265503 0
1762600246451 0.5260154604911804 1
1762600247708 0.5168521404266357 2
1762600248894 0.5138759613037109 3
1762600250271 0.5094689726829529 4
1762600251421 0.507622480392456 5
1762600252593 0.5077028274536133 6
1762600253715 0.5049938559532166 7
1762600254901 0.5040165185928345 8
1762600256034 0.5033319592475891 9
1762600257178 0.5016772747039795 10
1762600258311 0.5011531114578247 11
1762600259499 0.5012120008468628 12
1762600260716 0.499714732170105 13
1762600261872 0.49990078806877136 14
1762600263076 0.49854928255081177 15
1762600264229 0.4973006248474121 16
1762600265414 0.4977743327617645 17
1762600266571 0.4973566234111786 18
1762600267743 0.49707919359207153 19
1762600268882 0.4971860647201538 20
1762600270101 0.49575430154800415 21
1762600271261 0.4962869882583618 22
1762600272432 0.49495723843574524 23
1762600273569 0.4943874776363373 24
1762600274735 0.4929749369621277 25
1762600275924 0.49286481738090515 26
1762600245260 0.5580204725265503 0
