1762600245262 0.7072510719299316 0
1762600246453 0.7209265232086182 1
1762600247710 0.725095272064209 2
1762600248896 0.7250288724899292 3
1762600250272 0.7282098531723022 4
1762600251432 0.7293469905853271 5
1762600252595 0.7267613410949707 6
1762600253717 0.7320997714996338 7
1762600254903 0.7307584285736084 8
1762600256036 0.730054497718811 9
1762600257180 0.7336947917938232 10
1762600258313 0.734567403793335 11
1762600259501 0.7319488525390625 12
1762600260718 0.7320311069488525 13
1762600261875 0.7305567860603333 14
1762600263078 0.7331914901733398 15
1762600264231 0.7337623238563538 16
1762600265416 0.7331949472427368 17
1762600266573 0.7340468168258667 18
1762600267745 0.733234703540802 19
1762600268884 0.7342262864112854 20
1762600270103 0.7364248037338257 21
1762600271263 0.7336249947547913 22
1762600272434 0.7348852157592773 23
1762600273571 0.7352648377418518 24
1762600274738 0.7370256185531616 25
1762600275926 0.7362263202667236 26
1762600245262 0.7072510719299316 0
