1762599213861 0.7170549631118774 0
1762599215081 0.7441536784172058 1
1762599216279 0.7489942908287048 2
1762599217547 0.749745786190033 3
1762599218828 0.7525971531867981 4
1762599220021 0.7542548775672913 5
1762599221209 0.753216028213501 6
1762599222466 0.7536138892173767 7
1762599223664 0.7551390528678894 8
1762599224861 0.7568631172180176 9
1762599226059 0.7552937269210815 10
1762599227299 0.7566641569137573 11
1762599228502 0.7563768029212952 12
1762599229692 0.7578356266021729 13
1762599230897 0.7576367259025574 14
1762599232163 0.7564873099327087 15
1762599233377 0.758719801902771 16
1762599234579 0.7579682469367981 17
1762599235777 0.7565315365791321 18
1762599236967 0.7590292096138 19
1762599238197 0.7589408159255981 20
1762599239391 0.7590955495834351 21
1762599240594 0.7588524222373962 22
1762599241802 0.759626030921936 23
1762599243077 0.759183943271637 24
1762599244275 0.7594049572944641 25
1762599245490 0.7599796652793884 26
1762599246676 0.760686993598938 27
1762599247922 0.760090172290802 28
1762599249151 0.7601785659790039 29
1762599213861 0.7170549631118774 0
