1762599213863 0.7339640259742737 0
1762599215083 0.7916095852851868 1
1762599216281 0.8014234304428101 2
1762599217550 0.8025286197662354 3
1762599218830 0.8057999014854431 4
1762599220023 0.8065072298049927 5
1762599221211 0.8057557344436646 6
1762599222468 0.8090270161628723 7
1762599223666 0.8041200637817383 8
1762599224863 0.8048715591430664 9
1762599226061 0.8048273921012878 10
1762599227301 0.8038990497589111 11
1762599228504 0.8048273921012878 12
1762599229693 0.8040758371353149 13
1762599230899 0.806020975112915 14
1762599232165 0.8044736981391907 15
1762599233379 0.8033243417739868 16
1762599234581 0.8050041794776917 17
1762599235779 0.8065956234931946 18
1762599236969 0.8083196878433228 19
1762599238198 0.8031917214393616 20
1762599239392 0.8047831654548645 21
1762599240595 0.8052252531051636 22
1762599241804 0.8031474947929382 23
1762599243079 0.8066840767860413 24
1762599244277 0.8081870675086975 25
1762599245492 0.8054020404815674 26
1762599246678 0.8069493174552917 27
1762599247924 0.8063303828239441 28
1762599249153 0.8044295310974121 29
1762599213863 0.7339640259742737 0
