1762599213859 0.5551599860191345 0
1762599215080 0.520770788192749 1
1762599216278 0.5155276656150818 2
1762599217546 0.5115947723388672 3
1762599218827 0.5091428756713867 4
1762599220020 0.5088445544242859 5
1762599221208 0.5066328048706055 6
1762599222465 0.5060155987739563 7
1762599223663 0.5047667026519775 8
1762599224860 0.5031986832618713 9
1762599226058 0.5016635656356812 10
1762599227298 0.501274824142456 11
1762599228501 0.5008305907249451 12
1762599229691 0.5002483129501343 13
1762599230896 0.5005156397819519 14
1762599232162 0.4995743930339813 15
1762599233376 0.4977847933769226 16
1762599234578 0.49768540263175964 17
1762599235776 0.4976680874824524 18
1762599236966 0.49730753898620605 19
1762599238195 0.49559253454208374 20
1762599239389 0.4958932101726532 21
1762599240592 0.4949953556060791 22
1762599241801 0.49499139189720154 23
1762599243076 0.4951430857181549 24
1762599244274 0.4942953884601593 25
1762599245489 0.494272381067276 26
1762599246675 0.4930836856365204 27
1762599247921 0.4926891326904297 28
1762599249149 0.49199503660202026 29
1762599213859 0.5551599860191345 0
