1762599213862 0.7099546790122986 0
1762599215082 0.7229893207550049 1
1762599216280 0.7253630757331848 2
1762599217549 0.7258986830711365 3
1762599218829 0.7283043265342712 4
1762599220022 0.7301981449127197 5
1762599221210 0.7291383147239685 6
1762599222467 0.7283110618591309 7
1762599223665 0.7323750853538513 8
1762599224862 0.7343605160713196 9
1762599226060 0.7322822213172913 10
1762599227300 0.734510064125061 11
1762599228503 0.733728289604187 12
1762599229693 0.7360093593597412 13
1762599230898 0.7349053025245667 14
1762599232164 0.734027087688446 15
1762599233378 0.7375299334526062 16
1762599234580 0.7357873320579529 17
1762599235778 0.7331833243370056 18
1762599236968 0.7357853055000305 19
1762599238197 0.7378873229026794 20
1762599239391 0.7374027967453003 21
1762599240595 0.7368825674057007 22
1762599241803 0.738836944103241 23
1762599243078 0.7366976141929626 24
1762599244276 0.7363460659980774 25
1762599245491 0.738328754901886 26
1762599246677 0.7386096715927124 27
1762599247923 0.7380730509757996 28
1762599249152 0.7390244603157043 29
1762599213862 0.7099546790122986 0
