1762516075651 0.6985543370246887 0
1762516077004 0.7213930487632751 1
1762516078249 0.7219836115837097 2
1762516079485 0.7251975536346436 3
1762516080740 0.7246782779693604 4
1762516081983 0.7273162007331848 5
1762516083272 0.7273703217506409 6
1762516084663 0.7268586158752441 7
1762516086076 0.7308797836303711 8
1762516087548 0.7297955751419067 9
1762516088981 0.7308458685874939 10
1762516090369 0.7306192517280579 11
1762516091700 0.7327912449836731 12
1762516093078 0.731908917427063 13
1762516094461 0.7323035001754761 14
1762516095756 0.7328402996063232 15
1762516097114 0.7312445640563965 16
1762516098431 0.733213484287262 17
1762516099772 0.7335273027420044 18
1762516101126 0.7318705916404724 19
1762516102515 0.7335754632949829 20
1762516103848 0.7325997352600098 21
1762516075651 0.6985543370246887 0
