1762516075650 0.7125016450881958 0
1762516077003 0.7439326047897339 1
1762516078248 0.7467618584632874 2
1762516079484 0.7494584918022156 3
1762516080739 0.751624584197998 4
1762516081982 0.7522876858711243 5
1762516083271 0.7527297735214233 6
1762516084662 0.7531939148902893 7
1762516086075 0.7556915879249573 8
1762516087547 0.7544096112251282 9
1762516088972 0.7560010552406311 10
1762516090368 0.7561779022216797 11
1762516091699 0.75818932056427 12
1762516093077 0.7567083835601807 13
1762516094452 0.7579461336135864 14
1762516095755 0.7574819922447205 15
1762516097113 0.7580787539482117 16
1762516098431 0.7581008672714233 17
1762516099771 0.7589850425720215 18
1762516101125 0.7588081955909729 19
1762516102514 0.7586976885795593 20
1762516103847 0.7588303089141846 21
1762516075650 0.7125016450881958 0
