1762516075649 0.5639615654945374 0
1762516077002 0.5258806347846985 1
1762516078246 0.5175176858901978 2
1762516079483 0.5127432942390442 3
1762516080738 0.5107900500297546 4
1762516081981 0.5088855624198914 5
1762516083270 0.506443977355957 6
1762516084660 0.505904495716095 7
1762516086074 0.5046237707138062 8
1762516087546 0.5045804977416992 9
1762516088971 0.5025885701179504 10
1762516090367 0.5026856064796448 11
1762516091698 0.5019307732582092 12
1762516093076 0.5012531280517578 13
1762516094451 0.5005698800086975 14
1762516095753 0.49965766072273254 15
1762516097112 0.4989364445209503 16
1762516098430 0.49778538942337036 17
1762516099769 0.49720296263694763 18
1762516101123 0.49808046221733093 19
1762516102513 0.4955557882785797 20
1762516103846 0.4958614110946655 21
1762516075649 0.5639615654945374 0
