1762516075652 0.747623860836029 0
1762516077005 0.7948366403579712 1
1762516078250 0.8025728464126587 2
1762516079485 0.8033243417739868 3
1762516080741 0.8115910291671753 4
1762516081984 0.8072145581245422 5
1762516083273 0.8084965348243713 6
1762516084664 0.8112373352050781 7
1762516086078 0.809424877166748 8
1762516087549 0.8079660534858704 9
1762516088982 0.81048583984375 10
1762516090370 0.8115910291671753 11
1762516091701 0.8127403855323792 12
1762516093079 0.8101763725280762 13
1762516094461 0.8131382465362549 14
1762516095757 0.8103974461555481 15
1762516097115 0.8161000609397888 16
1762516098432 0.81145840883255 17
1762516099773 0.8134918808937073 18
1762516101127 0.8168957829475403 19
1762516102516 0.8124751448631287 20
1762516103857 0.8152159452438354 21
1762516075652 0.747623860836029 0
