1762600582278 0.5570334196090698 0
1762600583443 0.524077832698822 1
1762600584577 0.5170256495475769 2
1762600585760 0.512829601764679 3
1762600586931 0.5109574198722839 4
1762600588096 0.5075971484184265 5
1762600589261 0.5066485404968262 6
1762600590452 0.5058649182319641 7
1762600591655 0.5041887760162354 8
1762600592798 0.5034679770469666 9
1762600593913 0.5026298761367798 10
1762600595196 0.5011965036392212 11
1762600596429 0.5014854073524475 12
1762600597592 0.5004068613052368 13
1762600598749 0.5009164214134216 14
1762600599918 0.49935391545295715 15
1762600601137 0.49908721446990967 16
1762600602269 0.497488409280777 17
1762600603567 0.49836498498916626 18
1762600604741 0.49680930376052856 19
1762600605977 0.49743276834487915 20
1762600607145 0.496349960565567 21
1762600608323 0.4960826635360718 22
1762600609504 0.49562889337539673 23
1762600610730 0.49402013421058655 24
1762600582278 0.5570334196090698 0
