1762600582281 0.7498342394828796 0
1762600583446 0.7909022569656372 1
1762600584580 0.7986826300621033 2
1762600585764 0.8018212914466858 3
1762600586934 0.8064630031585693 4
1762600588099 0.8028822541236877 5
1762600589263 0.8077450394630432 6
1762600590455 0.8057115077972412 7
1762600591658 0.8041642904281616 8
1762600592801 0.8040316700935364 9
1762600593916 0.8071261048316956 10
1762600595199 0.8059325218200684 11
1762600596432 0.8057999014854431 12
1762600597595 0.8081870675086975 13
1762600598752 0.8042084574699402 14
1762600599930 0.8060651421546936 15
1762600601140 0.8051367998123169 16
1762600602272 0.8054904937744141 17
1762600603570 0.8064630031585693 18
1762600604744 0.803545355796814 19
1762600605981 0.8082755208015442 20
1762600607148 0.8084081411361694 21
1762600608326 0.8069493174552917 22
1762600609507 0.8052694201469421 23
1762600610734 0.8074355721473694 24
1762600582281 0.7498342394828796 0
