1762600582280 0.7064850926399231 0
1762600583445 0.7214985489845276 1
1762600584579 0.7260196805000305 2
1762600585763 0.7261008620262146 3
1762600586933 0.7274503707885742 4
1762600588098 0.7288999557495117 5
1762600589263 0.7304125428199768 6
1762600590454 0.7304717302322388 7
1762600591657 0.7328874468803406 8
1762600592800 0.7329733371734619 9
1762600593915 0.732458770275116 10
1762600595198 0.7327867150306702 11
1762600596431 0.7316368222236633 12
1762600597594 0.7333921790122986 13
1762600598751 0.733725905418396 14
1762600599929 0.7339102625846863 15
1762600601139 0.7355221509933472 16
1762600602271 0.7342736124992371 17
1762600603569 0.7350713014602661 18
1762600604743 0.7353155612945557 19
1762600605980 0.736041247844696 20
1762600607147 0.7332397699356079 21
1762600608325 0.7367911338806152 22
1762600609506 0.7361487150192261 23
1762600610733 0.7382482290267944 24
1762600582280 0.7064850926399231 0
