1762600582279 0.7191547751426697 0
1762600583444 0.7428053617477417 1
1762600584578 0.7486406564712524 2
1762600585761 0.7496795058250427 3
1762600586932 0.752155065536499 4
1762600588097 0.7521329522132874 5
1762600589262 0.7548074722290039 6
1762600590453 0.7542107105255127 7
1762600591656 0.7555369138717651 8
1762600592799 0.755558967590332 9
1762600593914 0.756155788898468 10
1762600595197 0.7560231685638428 11
1762600596430 0.7551169395446777 12
1762600597593 0.7571946382522583 13
1762600598750 0.7561779022216797 14
1762600599919 0.7569072842597961 15
1762600601138 0.7578135132789612 16
1762600602270 0.7569957375526428 17
1762600603569 0.7579019665718079 18
1762600604742 0.757150411605835 19
1762600605979 0.7592060565948486 20
1762600607146 0.757150411605835 21
1762600608324 0.7593386769294739 22
1762600609505 0.7583219408988953 23
1762600610731 0.7605764269828796 24
1762600582279 0.7191547751426697 0
