1762606522622 0.7524424195289612 0
1762606523729 0.7899739146232605 1
1762606524833 0.800053060054779 2
1762606526118 0.8055346608161926 3
1762606527245 0.7978869080543518 4
1762606528384 0.8008045554161072 5
1762606529544 0.8015118837356567 6
1762606530699 0.8026170134544373 7
1762606531859 0.8037664294242859 8
1762606532967 0.8027054667472839 9
1762606534107 0.8031474947929382 10
1762606535243 0.8042969107627869 11
1762606536454 0.8114141821861267 12
1762606537603 0.8063303828239441 13
1762606538786 0.8067282438278198 14
1762606539920 0.8057999014854431 15
1762606541132 0.8074797987937927 16
1762606542305 0.808452308177948 17
1762606543446 0.8093806505203247 18
1762606544608 0.8092922568321228 19
1762606545769 0.807921826839447 20
1762606547001 0.8079660534858704 21
1762606522622 0.7524424195289612 0
