1762606522621 0.7031146883964539 0
1762606523728 0.7215537428855896 1
1762606524832 0.7262148261070251 2
1762606526117 0.7270768284797668 3
1762606527244 0.7288991212844849 4
1762606528383 0.729502260684967 5
1762606529543 0.731974184513092 6
1762606530698 0.7321262955665588 7
1762606531858 0.732761025428772 8
1762606532966 0.7334491014480591 9
1762606534105 0.7328466176986694 10
1762606535243 0.7329492568969727 11
1762606536453 0.731245756149292 12
1762606537602 0.7341517210006714 13
1762606538785 0.7346914410591125 14
1762606539919 0.7359793186187744 15
1762606541131 0.7352278232574463 16
1762606542304 0.7347233891487122 17
1762606543445 0.7350650429725647 18
1762606544606 0.7358710765838623 19
1762606545768 0.7360747456550598 20
1762606547000 0.7357001900672913 21
1762606522621 0.7031146883964539 0
