1762606522619 0.5571109056472778 0
1762606523717 0.5240169167518616 1
1762606524830 0.5150572657585144 2
1762606526114 0.5131435394287109 3
1762606527242 0.510319173336029 4
1762606528381 0.508030891418457 5
1762606529541 0.5073763132095337 6
1762606530696 0.5056332349777222 7
1762606531855 0.5044792294502258 8
1762606532964 0.5048019289970398 9
1762606534095 0.5033616423606873 10
1762606535241 0.5015723705291748 11
1762606536451 0.5007643103599548 12
1762606537600 0.5006474256515503 13
1762606538783 0.4994705021381378 14
1762606539918 0.49944812059402466 15
1762606541129 0.49983108043670654 16
1762606542302 0.49802204966545105 17
1762606543443 0.49847492575645447 18
1762606544597 0.49733301997184753 19
1762606545765 0.496599018573761 20
1762606546998 0.4957805573940277 21
1762606522619 0.5571109056472778 0
