1762606522620 0.7173643708229065 0
1762606523719 0.7425622344017029 1
1762606524832 0.749215304851532 2
1762606526115 0.7515804171562195 3
1762606527243 0.7505636215209961 4
1762606528382 0.7519340515136719 5
1762606529542 0.7540117502212524 6
1762606530697 0.7544759511947632 7
1762606531857 0.7553158402442932 8
1762606532965 0.7554926872253418 9
1762606534096 0.755183219909668 10
1762606535242 0.755625307559967 11
1762606536452 0.7565978765487671 12
1762606537601 0.7571725249290466 13
1762606538784 0.7577030062675476 14
1762606539919 0.7583661079406738 15
1762606541130 0.7583439946174622 16
1762606542303 0.7582777142524719 17
1762606543444 0.7588303089141846 18
1762606544598 0.7594049572944641 19
1762606545767 0.7591176629066467 20
1762606546999 0.7588524222373962 21
1762606522620 0.7173643708229065 0
