1762599752972 0.7312673926353455 0
1762599754247 0.7856858968734741 1
1762599755514 0.7970911860466003 2
1762599756742 0.7987268567085266 3
1762599758004 0.8034127354621887 4
1762599759257 0.8028380870819092 5
1762599760496 0.8050926327705383 6
1762599761740 0.8047831654548645 7
1762599763179 0.8035011887550354 8
1762599764440 0.8043853044509888 9
1762599765839 0.807391345500946 10
1762599767093 0.8080102801322937 11
1762599768523 0.8059767484664917 12
1762599769802 0.8070377111434937 13
1762599771056 0.8073471784591675 14
1762599772288 0.8054462671279907 15
1762599773605 0.8095574975013733 16
1762599774880 0.8035011887550354 17
1762599776153 0.8064188361167908 18
1762599777394 0.8058441281318665 19
1762599778731 0.8077892065048218 20
1762599780157 0.8093364834785461 21
1762599781651 0.8098669648170471 22
1762599752972 0.7312673926353455 0
