1762599752969 0.5632699728012085 0
1762599754244 0.5254254937171936 1
1762599755503 0.5176366567611694 2
1762599756739 0.5144619941711426 3
1762599758001 0.5112726092338562 4
1762599759254 0.5086729526519775 5
1762599760493 0.5072697997093201 6
1762599761737 0.5069186687469482 7
1762599763176 0.5052441358566284 8
1762599764437 0.504112720489502 9
1762599765835 0.5024928450584412 10
1762599767089 0.5019986033439636 11
1762599768520 0.5001073479652405 12
1762599769799 0.4998621642589569 13
1762599771053 0.4994982182979584 14
1762599772285 0.4994848072528839 15
1762599773602 0.49975961446762085 16
1762599774877 0.49738579988479614 17
1762599776150 0.4982130527496338 18
1762599777391 0.49695512652397156 19
1762599778728 0.4972519874572754 20
1762599780154 0.4958277642726898 21
1762599781647 0.49572309851646423 22
1762599752969 0.5632699728012085 0
