1762599752970 0.7117059230804443 0
1762599754245 0.7414128184318542 1
1762599755504 0.7478228211402893 2
1762599756740 0.7488837838172913 3
1762599758002 0.7520666718482971 4
1762599759255 0.7525308132171631 5
1762599760494 0.752751886844635 6
1762599761738 0.7533707618713379 7
1762599763177 0.7542107105255127 8
1762599764438 0.756089448928833 9
1762599765837 0.7565757632255554 10
1762599767091 0.7554263472557068 11
1762599768521 0.7570841312408447 12
1762599769800 0.7565757632255554 13
1762599771054 0.7572830319404602 14
1762599772286 0.7565978765487671 15
1762599773603 0.7565757632255554 16
1762599774878 0.7560010552406311 17
1762599776151 0.7564431428909302 18
1762599777392 0.757658839225769 19
1762599778730 0.7572830319404602 20
1762599780155 0.7594049572944641 21
1762599781649 0.7594491839408875 22
1762599752970 0.7117059230804443 0
