1762599752971 0.7037352323532104 0
1762599754246 0.7217755317687988 1
1762599755513 0.7255935668945312 2
1762599756742 0.7263225317001343 3
1762599758003 0.728592038154602 4
1762599759256 0.7294453382492065 5
1762599760495 0.7288006544113159 6
1762599761739 0.7297470569610596 7
1762599763178 0.7313991189002991 8
1762599764439 0.733532190322876 9
1762599765838 0.7329052686691284 10
1762599767092 0.7311199903488159 11
1762599768522 0.7341843247413635 12
1762599769801 0.7330549359321594 13
1762599771055 0.7338664531707764 14
1762599772287 0.7337602376937866 15
1762599773604 0.7319929599761963 16
1762599774879 0.7337908744812012 17
1762599776152 0.7331404089927673 18
1762599777393 0.7350106835365295 19
1762599778730 0.7336786389350891 20
1762599780156 0.735852062702179 21
1762599781650 0.7356838583946228 22
1762599752971 0.7037352323532104 0
