1762600408153 0.7068398594856262 0
1762600409239 0.7178823351860046 1
1762600410350 0.7241213917732239 2
1762600411620 0.7269219756126404 3
1762600412862 0.7272727489471436 4
1762600414299 0.7288312315940857 5
1762600415534 0.7291767001152039 6
1762600416927 0.7298412919044495 7
1762600418415 0.733301043510437 8
1762600419699 0.7300080060958862 9
1762600420917 0.7330619692802429 10
1762600422374 0.7339818477630615 11
1762600423787 0.7342983484268188 12
1762600425079 0.7338576912879944 13
1762600426599 0.7350217700004578 14
1762600428203 0.7362398505210876 15
1762600430062 0.7355945706367493 16
1762600431518 0.7355076670646667 17
1762600408153 0.7068398594856262 0
