1762600408151 0.5546441674232483 0
1762600409238 0.5240380167961121 1
1762600410348 0.5165051817893982 2
1762600411618 0.5111744403839111 3
1762600412859 0.5093171000480652 4
1762600414297 0.5075168013572693 5
1762600415532 0.5075192451477051 6
1762600416925 0.5058572888374329 7
1762600418413 0.5037627220153809 8
1762600419697 0.5025928020477295 9
1762600420915 0.5025590062141418 10
1762600422372 0.5011735558509827 11
1762600423785 0.5009862780570984 12
1762600425076 0.5004563331604004 13
1762600426596 0.4995103180408478 14
1762600428201 0.4974932074546814 15
1762600430060 0.49761900305747986 16
1762600431516 0.4975428879261017 17
1762600408151 0.5546441674232483 0
