1762600408154 0.7505857348442078 0
1762600409240 0.796649158000946 1
1762600410351 0.7996993660926819 2
1762600411621 0.79961097240448 3
1762600412863 0.8052694201469421 4
1762600414300 0.8043853044509888 5
1762600415535 0.8034127354621887 6
1762600416928 0.805048406124115 7
1762600418416 0.8036779761314392 8
1762600419700 0.8087175488471985 9
1762600420918 0.8040316700935364 10
1762600422375 0.8072145581245422 11
1762600423788 0.8073029518127441 12
1762600425079 0.8084081411361694 13
1762600426600 0.8069934844970703 14
1762600428204 0.8077450394630432 15
1762600430063 0.8053136467933655 16
1762600431519 0.81048583984375 17
1762600408154 0.7505857348442078 0
