1762600408152 0.7196410298347473 0
1762600409239 0.7417886257171631 1
1762600410349 0.7475133538246155 2
1762600411619 0.7496131658554077 3
1762600412861 0.7516466975212097 4
1762600414298 0.7525529265403748 5
1762600415533 0.7525087594985962 6
1762600416926 0.7535254955291748 7
1762600418414 0.7556915879249573 8
1762600419698 0.7548074722290039 9
1762600420916 0.755625307559967 10
1762600422373 0.7573272585868835 11
1762600423786 0.757592499256134 12
1762600425078 0.7576146125793457 13
1762600426598 0.7580345869064331 14
1762600428202 0.759183943271637 15
1762600430061 0.7579240798950195 16
1762600431517 0.7595155239105225 17
1762600408152 0.7196410298347473 0
