1762600705016 0.7161487340927124 0
1762600706184 0.7418991327285767 1
1762600707434 0.7481985688209534 2
1762600708697 0.7499005198478699 3
1762600709965 0.751315176486969 4
1762600711387 0.7537243962287903 5
1762600712559 0.753812849521637 6
1762600713715 0.7554263472557068 7
1762600714864 0.7553821802139282 8
1762600716058 0.7563768029212952 9
1762600717217 0.7561779022216797 10
1762600718377 0.7581450939178467 11
1762600719538 0.7581450939178467 12
1762600720687 0.7585650682449341 13
1762600721854 0.7577693462371826 14
1762600723010 0.758653461933136 15
1762600724157 0.7585429549217224 16
1762600725308 0.7588081955909729 17
1762600726522 0.7602891325950623 18
1762600727680 0.7600238919258118 19
1762600728825 0.7603996396064758 20
1762600729969 0.7609301209449768 21
1762600705016 0.7161487340927124 0
