1762600705018 0.7365722060203552 0
1762600706185 0.7913443446159363 1
1762600707436 0.7968701720237732 2
1762600708699 0.804517924785614 3
1762600709967 0.8032359480857849 4
1762600711388 0.8080102801322937 5
1762600712560 0.8038990497589111 6
1762600713717 0.8063746094703674 7
1762600714867 0.8083639144897461 8
1762600716060 0.8080102801322937 9
1762600717218 0.8056672811508179 10
1762600718379 0.8095574975013733 11
1762600719540 0.8115910291671753 12
1762600720689 0.8058441281318665 13
1762600721856 0.8077450394630432 14
1762600723012 0.8103532195091248 15
1762600724158 0.807612419128418 16
1762600725309 0.8091596364974976 17
1762600726523 0.8096901178359985 18
1762600727682 0.81145840883255 19
1762600728826 0.8069050908088684 20
1762600729971 0.8100437521934509 21
1762600705018 0.7365722060203552 0
