1762600705017 0.7076661586761475 0
1762600706184 0.7201303243637085 1
1762600707435 0.7261813879013062 2
1762600708698 0.7252909541130066 3
1762600709966 0.7276732325553894 4
1762600711388 0.7288750410079956 5
1762600712560 0.7307027578353882 6
1762600713716 0.7318061590194702 7
1762600714866 0.7309137582778931 8
1762600716059 0.732379674911499 9
1762600717217 0.7331053614616394 10
1762600718378 0.7340762615203857 11
1762600719539 0.7332161664962769 12
1762600720688 0.736227810382843 13
1762600721855 0.7343460917472839 14
1762600723011 0.7344150543212891 15
1762600724158 0.7354373931884766 16
1762600725308 0.7351299524307251 17
1762600726523 0.7368844747543335 18
1762600727681 0.7357704043388367 19
1762600728826 0.738240659236908 20
1762600729970 0.7375921010971069 21
1762600705017 0.7076661586761475 0
