1762600705015 0.5586782097816467 0
1762600706182 0.5248517990112305 1
1762600707432 0.5178521275520325 2
1762600708696 0.51202392578125 3
1762600709963 0.5106248259544373 4
1762600711385 0.507960319519043 5
1762600712558 0.5066571235656738 6
1762600713714 0.5056834816932678 7
1762600714863 0.5040226578712463 8
1762600716057 0.5025517344474792 9
1762600717215 0.5022711157798767 10
1762600718376 0.501897931098938 11
1762600719537 0.5020951628684998 12
1762600720686 0.49933987855911255 13
1762600721853 0.5008141994476318 14
1762600723009 0.4994535446166992 15
1762600724156 0.4992402493953705 16
1762600725307 0.4975360929965973 17
1762600726521 0.4971444010734558 18
1762600727679 0.4963735044002533 19
1762600728824 0.4962165355682373 20
1762600729968 0.4949389398097992 21
1762600705015 0.5586782097816467 0
